30.5
28.5
27.8000011444092
27.3000011444092
27.3000011444092
29.1000003814697
27.1000003814697
28.6000003814697
28.1000003814697
29.1000003814697
29.6000003814697
27.3999996185303
29.3000011444092
29.1000003814697
25.8999996185303
31.8999996185303
27.1000003814697
30.8000011444092
30.3999996185303
26.2000007629395
31.3999996185303
27.8999996185303
28.7000007629395
27.3999996185303
28.3999996185303
28.5
27.8000011444092
28.3999996185303
28.8000011444092
30.5
30.7000007629395
28.8999996185303
30.3000011444092
31.7000007629395
29.8000011444092
31.7000007629395
28.8999996185303
29.1000003814697
28.5
29.3000011444092
29.8000011444092
28.6000003814697
28.3999996185303
29.7000007629395
27.5
29.6000003814697
31.2000007629395
28.7000007629395
29.7000007629395
27
27.5
30
29
28.2000007629395
31.6000003814697
27.2000007629395
28.3999996185303
27.3999996185303
29.7000007629395
27.6000003814697
27.6000003814697
27.8999996185303
28.8000011444092
29.3999996185303
27.1000003814697
29.3999996185303
27.6000003814697
27.6000003814697
28.5
27.6000003814697
28.7000007629395
27.3999996185303
28.1000003814697
29.5
28.3999996185303
28.7000007629395
30
27.8999996185303
27.3000011444092
29
27.8999996185303
28.6000003814697
30.1000003814697
28.7000007629395
27.7000007629395
28.8000011444092
29.5
31.6000003814697
28.2000007629395
27.1000003814697
29.3000011444092
25.5
28.8000011444092
27.8999996185303
29.6000003814697
28.1000003814697
27.1000003814697
28
30.3999996185303
26.1000003814697
28
30.3000011444092
27.8999996185303
26.5
29.3000011444092
29
28.1000003814697
28.2000007629395
26.2000007629395
29.7000007629395
30.8999996185303
31.5
27.6000003814697
27
27.3999996185303
29.3000011444092
27.7000007629395
29
29.7000007629395
30.8999996185303
29.6000003814697
28.8999996185303
28.3000011444092
28.2000007629395
