25.8999996185303
24
23.1000003814697
27.2000007629395
26.5
24.6000003814697
23.6000003814697
24.1000003814697
23.8000011444092
23
28.2000007629395
25.3999996185303
22.3999996185303
24.8000011444092
24.3000011444092
23.6000003814697
25.8999996185303
24.2000007629395
24.3999996185303
24.3000011444092
27.3000011444092
22.8999996185303
26.5
24
25
24.3000011444092
23.8000011444092
26.8000011444092
25.3999996185303
24.8999996185303
23.7000007629395
26.7000007629395
26.1000003814697
26.3999996185303
25.7000007629395
23.8999996185303
25
24.1000003814697
24.1000003814697
23.3000011444092
26
25
25.3999996185303
27.2000007629395
26.3999996185303
25.3999996185303
28.1000003814697
22.7000007629395
26.8000011444092
25.7000007629395
24.1000003814697
25.5
24
21.8000011444092
24.6000003814697
22.3999996185303
23.7000007629395
22.8000011444092
27.3999996185303
22.8999996185303
23.8999996185303
22.8000011444092
23.8999996185303
25.6000003814697
21.3000011444092
22.8000011444092
26
22.6000003814697
25.1000003814697
23.2000007629395
25.3000011444092
23.6000003814697
25.6000003814697
23.8999996185303
26.1000003814697
26.8999996185303
22.3999996185303
21.5
22.7000007629395
23.1000003814697
23.3999996185303
25.7000007629395
27.8999996185303
23.8000011444092
24.3999996185303
23.8999996185303
22.8999996185303
23.8999996185303
25.3999996185303
26.6000003814697
26.3999996185303
25.2000007629395
23.3000011444092
28.3000011444092
27.3999996185303
23.8000011444092
27.3999996185303
25
26.2000007629395
24.8999996185303
25.3000011444092
24
27.8999996185303
24.5
24.8000011444092
28.3999996185303
22.7000007629395
25.3000011444092
26.3000011444092
27.3000011444092
23.8000011444092
26.1000003814697
26.8000011444092
25.3999996185303
26.3999996185303
25.5
25.5
28.3999996185303
26.8999996185303
27.5
24.6000003814697
28.2000007629395
26.3999996185303
26.5
